let presetBoards = [
	[[[0.3878219196112134,0.19759672197559452,0.4145813584131921],[0.37018831461569657,0.02794500443185699,0.6018666809524464],[0.6992744657871455,0.012917539448003224,0.2878079947648513],[0.7551581580257278,0.21883616177828769,0.026005680195984482],[0.02217520649536797,0.8593558949990283,0.11846889850560371]],[[0.6553520279778058,0.2552861011127885,0.08936187090940573],[0.283172417088295,0.17419479253578052,0.5426327903759245],[0.22945274994524922,0.7461638890739508,0.024383360980799962],[0.7609087236740122,0.17005000433317896,0.06904127199280885],[0.034922855165913536,0.49597325775947976,0.4691038870746067]],[[0.16436569193686812,0.7975663084635969,0.038067999599534996],[0.09426376430786765,0.21448465845076425,0.6912515772413681],[0.033037349287953655,0.9059765747471451,0.06098607596490124],[0.7817253912202893,0.11920133225443519,0.09907327652527553],[0.08117608091026218,0.4755560522260003,0.44326786686373754]],[[0.44068247200850585,0.4599243375472921,0.09939319044420203],[0.13747855528933162,0.04062411610008909,0.8218973286105793],[0.08262552114158672,0.5488324749946589,0.36854200386375435],[0.15994884407939858,0.5215699615878777,0.3184811943327237],[0.02503774132988279,0.8599172345994779,0.11504502407063932]],[[0.01982759030885628,0.8376737791237576,0.1424986305673861],[0.6416851854069987,0.28807426567342764,0.07024054891957365],[0.6102308845033342,0.2638689165672785,0.1259001989293873],[0.2510901849738849,0.7414758929487386,0.007433922077376476],[0.2898359244814934,0.12410037921850647,0.5860636963000001]]],
	[[[0.22125441064903972,0.6136060289895868,0.16513956036137345],[0.8849967885717396,0.09093832262140045,0.024064888806859974],[0.06658232692691901,0.1269071957686816,0.8065104773043994],[0.46698780614501656,0.421797289282835,0.11121490457214844],[0.4805674474006667,0.0042250759503952295,0.5152074766489381]],[[0.43615267191659024,0.4125461668601016,0.15130116122330817],[0.2751651746194015,0.6043557593610422,0.12047906601955627],[0.060525138003312495,0.8459724155109511,0.09350244648573636],[0.20908353613167363,0.3958586996353719,0.39505776423295447],[0.300832093631783,0.03511124452969705,0.66405666183852]],[[0.16893484454414676,0.05848624360812793,0.7725789118477253],[0.22029270668649303,0.19113352972703335,0.5885737635864736],[0.7597015589958938,0.012956721516327763,0.22734171948777848],[0.007788661069412894,0.01926345788917594,0.9729478810414112],[0.05519009520878049,0.2310247638004681,0.7137851409907514]],[[0.07021155831844017,0.32773231218449683,0.602056129497063],[0.516693107963887,0.3821870699736374,0.1011198220624756],[0.1743886838602331,0.5637382451964841,0.2618730709432828],[0.49320152152274943,0.47585739830104945,0.03094108017620112],[0.4470978920053914,0.19464048201277473,0.35826162598183386]],[[0.7800174589389766,0.039778868511069376,0.18020367254995406],[0.28583578735849957,0.10028094658246167,0.6138832660590388],[0.519093356603405,0.37159387169280844,0.1093127717037865],[0.523682940270169,0.22610485131493263,0.25021220841489833],[0.8028847854672694,0.003743318652321692,0.19337189588040893]]],
	[[[0.44431663191181925,0.24965222401145581,0.30603114407672494],[0.3551949984232745,0.3004566363839358,0.34434836519278966],[0.0029380312011211274,0.0010678359110638524,0.995994132887815],[0.430517964036657,0.5454591694162807,0.024022866547062316],[0.07601362681115509,0.44981216247616707,0.47417421071267785]],[[0.07401752887325541,0.5374007227380071,0.3885817483887375],[0.2077532728010707,0.682709415140365,0.10953731205856432],[0.2666240690048971,0.47250445167439636,0.26087147932070653],[0.09949486332129975,0.10832791227309779,0.7921772244056025],[0.10674848737910025,0.04554902657208171,0.847702486048818]],[[0.40804288353726803,0.10217916365687629,0.4897779528058557],[0.028952375200355318,0.2808050538085187,0.690242570991126],[0.3807149675541921,0.5929256761563642,0.026359356289443747],[0.38753998047394345,0.18078608449094102,0.43167393503511553],[0.7041573850652962,0.2254005087272133,0.07044210620749047]],[[0.08508863459335947,0.7091724125006575,0.20573895290598299],[0.3985121249619532,0.149068632541562,0.4524192424964848],[0.34305794860404837,0.24739132360974514,0.4095507277862065],[0.27921110743598954,0.7155796766515794,0.005209215912431064],[0.11110551917556166,0.3322620306739421,0.5566324501504962]],[[0.11969011284879749,0.2504023030127014,0.6299075841385011],[0.38864780338631566,0.04592604188294458,0.5654261547307398],[0.39557032728460007,0.01783109011843087,0.5865985825969691],[0.2616521485234724,0.30181806378367027,0.43652978769285733],[0.3281498802377718,0.11656903345631675,0.5552810863059114]]],
	[[[0.07823164856602172,0.8047363933972402,0.11703195803673805],[0.22495982777445755,0.3650319478464261,0.4100082243791163],[0.49513818626170947,0.3162581001695606,0.18860371356872996],[0.2868065495692951,0.2170363041630723,0.49615714626763263],[0.7967376720054902,0.1817164972890386,0.021545830705471225]],[[0.6239028788203975,0.29234813204633614,0.08374898913326634],[0.22645357847717995,0.11150398531055394,0.6620424362122661],[0.7985402698461783,0.01851659387928528,0.1829431362745364],[0.45737736542787366,0.3717737625337416,0.17084887203838472],[0.2092633853851067,0.551385626980478,0.2393509876344153]],[[0.702771340643402,0.09475147011300411,0.20247718924359392],[0.013527155582651718,0.6816133022279198,0.30485954218942846],[0.2279403846917616,0.4502131994222711,0.3218464158859673],[0.16445025701266425,0.7407794754969559,0.09477026749037987],[0.6543232696814663,0.23318329123414028,0.11249343908439347]],[[0.2846469891521475,0.3765659235922003,0.3387870872556522],[0.06020866050579454,0.5582056818021912,0.38158565769201425],[0.6558344619647849,0.19051280305248208,0.15365273498273302],[0.16509169956923375,0.33429413444939904,0.5006141659813672],[0.09731679175195596,0.24783857298088896,0.6548446352671551]],[[0.8322060805486424,0.10277885803122722,0.06501506142013036],[0.11229791070179962,0.8406802234875512,0.047021865810649155],[0.3522234807656497,0.19612544046541647,0.45165107876893384],[0.11320195099949393,0.08663402171986778,0.8001640272806383],[0.04006945842022791,0.7248867681640105,0.23504377341576155]]],
	[[[0.14884828755629953,0.18523687604148442,0.665914836402216],[0.5147364655918878,0.20646099576129284,0.27880253864681936],[0.10232652786304608,0.3879468597014841,0.5097266124354698],[0.025374117227692228,0.9674251326321863,0.007200750140121448],[0.6353173638055822,0.32871231275936785,0.03597032343504991]],[[0.3767290551119611,0.24535959102514826,0.37791135386289065],[0.22210881482899314,0.4339608212127035,0.34393036395830334],[0.7901657252691627,0.12984048503172851,0.07999378969910875],[0.842497319268239,0.022636322348219107,0.13486635838354188],[0.09304477135685185,0.39412434388580575,0.5128308847573424]],[[0.2210541392199159,0.5345060996448705,0.2444397611352136],[0.027630808000830287,0.20615205064910924,0.7662171413500605],[0.30920918086161886,0.5171586664235945,0.1736321527147866],[0.767005723433045,0.04785800115829364,0.1851362754086614],[0.6808149491143718,0.19231306333114606,0.12687198755448215]],[[0.6530991601703937,0.30492135461678216,0.04197948521282413],[0.6555979928370048,0.10933995263634833,0.23506205452664686],[0.14497533491991033,0.44656453493486636,0.4084601301452233],[0.49656686812052553,0.07246800345944293,0.43096512842003154],[0.14630569902195822,0.46542373760753697,0.3882705633705048]],[[0.019363795048445764,0.38975078244959827,0.590885422501956],[0.37559307199322967,0.4769237872770622,0.14748314072970814],[0.4562361504471488,0.13073098084213597,0.4130328687107152],[0.6587265089152172,0.005573370554150081,0.3357001205306327],[0.11710221043094604,0.13027151857856034,0.7526262709904936]]]
];